    + --- ---------------- --------- +
    |                plain recursion |
--- + --- ---------------- --------- +
  n | sol            count  cpu time |
--- + --- ---------------- --------- +
  1 |   1                2 4.000e-07 |
  2 |   2                3 3.000e-07 |
  3 |   3                5 3.000e-07 |
  4 |   3                8 3.000e-07 |
  5 |   4               13 3.000e-07 |
  6 |   4               22 4.000e-07 |
  7 |   5               36 5.000e-07 |
  8 |   5               60 6.000e-07 |
  9 |   5              100 1.100e-06 |
 10 |   6              167 1.500e-06 |
 11 |   6              279 2.500e-06 |
 12 |   6              465 2.800e-06 |
 13 |   7              777 4.200e-06 |
 14 |   7             1297 6.900e-06 |
 15 |   7             2165 1.130e-05 |
 16 |   7             3614 1.860e-05 |
 17 |   8             6031 2.830e-05 |
 18 |   8            10065 5.090e-05 |
 19 |   8            16795 8.460e-05 |
 20 |   8            28011 1.268e-04 |
 21 |   9            46724 2.115e-04 |
 22 |   9            77940 3.799e-04 |
 23 |   9           129233 5.805e-04 |
 24 |   9           214799 1.033e-03 |
 25 |   9           357537 1.650e-03 |
 26 |  10           594869 2.988e-03 |
 27 |  10           990779 4.572e-03 |
 28 |  10          1659243 7.788e-03 |
 29 |  11          2758121 1.327e-02 |
 30 |  11          4589678 2.124e-02 |
 31 |  11          7649929 3.583e-02 |
 32 |  12         12734819 6.093e-02 |
 33 |  12         21216729 1.015e-01 |
 34 |  12         35352556 1.695e-01 |
 35 |  13         59208152 2.823e-01 |
 36 |  13         98958120 5.332e-01 |
 37 |  13        165182021 8.266e-01 |
 38 |  14        275854616 1.467e+00 |
 39 |  14        460559484 2.239e+00 |
 40 |  14        768622622 3.748e+00 |
 41 |  14       1282577424 6.295e+00 |
 42 |  15       2140179375 1.039e+01 |
 43 |  15       3571024952 1.741e+01 |
 44 |  15       1662690159 2.920e+01 |
 45 |  15       1290311324 4.879e+01 |
 46 |  16       3538864167 8.094e+01 |
 47 |  16       1569240818 1.341e+02 |
 48 |  16        726641032 2.167e+02 |
 49 |  16       2209385193 4.449e+02 |
 50 |  17       2849529568 7.310e+02 |
 55 |  19       2740431553 8.103e+03 |
 60 |                                |
 65 |                                |
 70 |                                |
 75 |                                |
 80 |                                |
 85 |                                |
 90 |                                |
 95 |                                |
100 |                                |
110 |                                |
120 |                                |
130 |                                |
140 |                                |
150 |                                |
160 |                                |
170 |                                |
180 |                                |
190 |                                |
200 |                                |
220 |                                |
240 |                                |
260 |                                |
280 |                                |
300 |                                |
320 |                                |
340 |                                |
360 |                                |
380 |                                |
400 |                                |
420 |                                |
440 |                                |
460 |                                |
480 |                                |
500 |                                |
520 |                                |
540 |                                |
560 |                                |
580 |                                |
600 |                                |
620 |                                |
640 |                                |
660 |                                |
680 |                                |
700 |                                |
720 |                                |
740 |                                |
760 |                                |
780 |                                |
800 |                                |
--- + --- ---------------- --------- +
