    + --- ---------------- --------- +
    |                plain recursion |
--- + --- ---------------- --------- +
  n | sol            count  cpu time |
--- + --- ---------------- --------- +
  1 |   1                2 4.000e-07 |
  2 |   2                3 3.000e-07 |
  3 |   3                5 2.000e-07 |
  4 |   3                8 3.000e-07 |
  5 |   4               13 2.000e-07 |
  6 |   4               22 4.000e-07 |
  7 |   5               36 4.000e-07 |
  8 |   5               60 5.000e-07 |
  9 |   5              100 7.000e-07 |
 10 |   6              167 1.200e-06 |
 11 |   6              279 3.800e-06 |
 12 |   6              465 4.700e-06 |
 13 |   7              777 7.600e-06 |
 14 |   7             1297 1.240e-05 |
 15 |   7             2165 1.960e-05 |
 16 |   7             3614 3.280e-05 |
 17 |   8             6031 5.410e-05 |
 18 |   8            10065 8.960e-05 |
 19 |   8            16795 1.480e-04 |
 20 |   8            28024 2.475e-04 |
 21 |   9            46737 2.050e-04 |
 22 |   9            77953 3.692e-04 |
 23 |   9           130031 6.349e-04 |
 24 |   9           216910 1.027e-03 |
 25 |   9           359648 2.087e-03 |
 26 |  10           597765 3.935e-03 |
 27 |  10           994988 4.784e-03 |
 28 |  10          1655440 7.766e-03 |
 29 |  10          2757201 1.193e-02 |
 30 |  10          4592954 2.190e-02 |
 31 |  11          7650959 3.445e-02 |
 32 |  11         12747909 5.936e-02 |
 33 |  11         21239633 9.849e-02 |
 34 |  12         35390107 1.650e-01 |
 35 |  12         58969489 2.785e-01 |
 36 |  12         98765644 5.163e-01 |
 37 |  13        165078695 7.687e-01 |
 38 |  13        275574381 1.369e+00 |
 39 |  13        460201304 3.528e+00 |
 40 |  14        768350787 5.167e+00 |
 41 |  14       1282324929 8.287e+00 |
 42 |  14       2127534740 1.264e+01 |
 43 |  14       3537425405 1.592e+01 |
 44 |  15       1594293405 2.717e+01 |
 45 |  15       1210003847 4.423e+01 |
 46 |  15       3438490286 7.510e+01 |
 47 |  15       1423037204 1.226e+02 |
 48 |  16        549700535 2.002e+02 |
 49 |  16       1955878080 3.202e+02 |
 50 |  16       2488718956 5.209e+02 |
 55 |  18       1965630414 7.286e+03 |
 60 |                                |
 65 |                                |
 70 |                                |
 75 |                                |
 80 |                                |
 85 |                                |
 90 |                                |
 95 |                                |
100 |                                |
110 |                                |
120 |                                |
130 |                                |
140 |                                |
150 |                                |
160 |                                |
170 |                                |
180 |                                |
190 |                                |
200 |                                |
220 |                                |
240 |                                |
260 |                                |
280 |                                |
300 |                                |
320 |                                |
340 |                                |
360 |                                |
380 |                                |
400 |                                |
420 |                                |
440 |                                |
460 |                                |
480 |                                |
500 |                                |
520 |                                |
540 |                                |
560 |                                |
580 |                                |
600 |                                |
620 |                                |
640 |                                |
660 |                                |
680 |                                |
700 |                                |
720 |                                |
740 |                                |
760 |                                |
780 |                                |
800 |                                |
--- + --- ---------------- --------- +
